2.138277054099999852e-01
5.597052500100001549e-01
3.265372001199996488e-01
2.426826710896666517e-01
2.601522866000001710e-01
1.428307969199999750e-01
3.360081104679998876e-01
5.099291144899997796e-01
4.849632801150004502e-01
7.111771573200006413e-01
5.887467072400000001e-01
3.799663079291667467e-01
4.815958980616666385e-01
2.246727206875001326e-01
3.477952803200000109e-01
9.122417446500000193e-02
2.888099431500000813e-01
2.994913118499999416e-01
2.827478511500000069e-01
2.300176839900001380e-01
9.237200050466664036e-01
3.195115053800002825e-01
4.143081396460002175e-01
1.668439927709999826e-01
3.406827263739999334e-01
3.242952215400003446e-01
2.425755900099999252e-01
2.909557570399999293e-01
3.669214132099999914e-01
2.685039904800001209e-01
1.921752107600001869e-01
3.739253191540000132e-01
3.912537802766668515e-01
5.873073542858339158e-01
7.028668310808334763e-01
2.494119038050000847e-01
3.434894698443333727e-01
4.666708504466667851e-01
4.124262708533336097e-01
3.934280638516667317e-01
2.213498015500001415e-01
3.554384847834999306e-01
2.459685631250000393e-01
4.526513509933332569e-01
3.648539544099999588e-01
4.101760022250001692e-01
7.208765097199997252e-01
2.689013519785714013e-01
3.897566972450000611e-01
1.288302841466666404e-01
3.975711357955000747e-01
3.679039840800001349e-01
2.769706286700000519e-01
3.119822139566665875e-01
2.910226475375000121e-01
5.638667014920002440e-01
4.643368011299999210e-01
3.565003054800000570e-01
5.847989127000002840e-01
7.046479452400005172e-01
4.080751356264283314e-01
5.608524091400002298e-01
5.891654355647619745e-01
4.611507995099999868e-01
4.685358027300002837e-01
3.284803948500000237e-01
6.338362753299998653e-01
4.968326148499999650e-01
3.299895265600001348e-01
3.093052078316668174e-01
3.320920644666662258e-01
3.028860000450002699e-01
4.117500756125000994e-01
3.457957369499999878e-01
4.580868852399996860e-01
2.997612710133332747e-01
5.779416783666665447e-01
9.421149778033331978e-01
1.419187582899999744e-01
8.889693557999998885e-02
2.377027892649999086e-01
3.338254238200006330e-01
4.909796283266667505e-01
4.191572247600001133e-01
6.929077825550001846e-01
3.438585068500000230e-01
2.977750876486666143e-01
5.311181494749998011e-01
2.072131963000000410e-01
6.695261714050002588e-01
3.229542506999999452e-02
2.783876470750000220e-01
5.734019730899998502e-01
3.160615018879998628e-01
2.611255754483334246e-01
4.029816975991667438e-01
3.024782091007620632e-01
5.397916197500000068e-01
2.517577287300000743e-01
3.601519523300000802e-01
6.013393983500000539e-01
2.225040465700000858e-01
1.694843660599999469e-01
8.096177993000001905e-02
3.829499839899999092e-01
3.563662663200005687e-01
3.084405478006667090e-01
7.056272867999997811e-02
4.945991345150000940e-01
8.481175797999998545e-02
3.164005317988332622e-01
3.641900778949996309e-01
3.014276873549999736e-01
3.224837270750000595e-01
4.690759161725004400e-01
5.636806421600006889e-01
3.450729455733332895e-01
2.477662422699997147e-01
8.593220411700002170e-01
2.316344906380000956e-01
2.153794968000000143e-02
3.816208108863333726e-01
1.058189914700000261e-01
3.386942869966665381e-01
1.461766473700000235e-01
4.757005723599999625e-01
2.965759907999998002e-01
2.724979047824999667e-01
4.038187383633332628e-01
1.174184154999999702e-01
3.633638052453333489e-01
3.408042236399999592e-01
6.951352719600001340e-01
4.228950156500000390e-01
1.110278206899999870e-01
1.815042953979999762e-01
4.857626014699998329e-01
4.487139999200003837e-01
4.574257851999998237e-01
4.381602554240000558e-01
3.571140598999997251e-01
2.760127454566664307e-01
6.991449951550005038e-01
4.780805036966668808e-01
2.594188544900003501e-01
4.198167531400001651e-01
3.144734792699999670e-01
3.499804529750000781e-01
1.446433129999999956e-01
3.799509547566665146e-01
7.594364220499998375e-01
4.469236375750001988e-01
5.050992202099999773e-01
6.128696160599994558e-01
7.842368145900003862e-01
4.013055212949999673e-01
1.611067840133333373e-01
2.744180750899997134e-01
5.306550682168329480e-01
2.677258865900000173e-01
3.583485854566666462e-01
4.294118488216666085e-01
4.818426557566668489e-01
1.917438630646667030e-01
2.722133599200001197e-01
4.915169114650002613e-01
4.631680395864287703e-01
1.719941046733333423e-01
5.798221303699999662e-01
4.125970673900001828e-01
3.147052549519998021e-01
1.905583740699999529e-01
8.490139265900000787e-01
1.641752585163333000e-01
8.926496764799999317e-01
7.517328480799996271e-01
7.418009988899995077e-01
5.460814041850002853e-01
1.428287319099999786e-01
5.068993613000002396e-01
5.117308797405714094e-01
8.013647377500001667e-01
4.070553119541667764e-01
8.398815791999998670e-02
4.282948578599999334e-01
4.465062198657140935e-01
1.472425308789999943e-01
3.016825258599997173e-01
4.200743710441666723e-01
1.026393766499998084e-01
4.361268364649998341e-01
4.494074636300005032e-01
4.502167373000001138e-01
7.672071581000000640e-02
3.234022899849998134e-01
2.746635161699999550e-01
3.728332506299998350e-01
8.790897603700007501e-01
4.234248536013093811e-01
3.660388183066667911e-01
1.099935550466665246e-01
4.682041204200002027e-01
2.084374648800000063e-01
2.787250126000000439e-01
3.706946194500001512e-01
4.091932511550001039e-01
1.033723012889999626e-01
3.215348869799998788e-01
4.506551483299999217e-01
4.985612597300000948e-01
3.569664406366668263e-01
3.081742569399998910e-01
2.554889744916667982e-01
1.391257296650000308e-01
4.450965870433334914e-01
3.461027511533332213e-01
2.445140166900000300e-01
4.818527943375000566e-01
5.907922117316664057e-01
3.889063339200000691e-01
6.235150075658338897e-01
8.979408393600000204e-01
2.219495410625000609e-01
2.184183872933333492e-01
5.466705990399999271e-01
5.806368845100007281e-01
2.502718745233333819e-01
8.861973855699996072e-01
4.525573168616665587e-01
2.708477167266662988e-01
4.289448955483332049e-01
4.829521799400001147e-01
4.328191099175002221e-01
6.724088733599997703e-01
5.280871370399996545e-01
2.268944065999999593e-01
4.156300344500001853e-01
7.495221467199999488e-01
1.275451878699999930e-01
3.683309987048333789e-01
1.950814794900000426e-01
2.116022427650000315e-01
6.914742153900002020e-01
7.686512472233331117e-01
2.240853113199996749e-01
7.082572835700001734e-01
3.501818475899999283e-01
5.478161267283335745e-01
4.216041999683330932e-01
5.601955982083335339e-01
5.924179531994999692e-01
4.648424709700003099e-01
3.062434996133333032e-01
4.162224378233336797e-01
2.941050184583333671e-01
8.378180484499995195e-01
4.228324104141665263e-01
1.422957726729999761e-01
3.490208402766669105e-01
4.328846667453335462e-01
3.857731421079999556e-01
4.839301741599995599e-01
2.318714222600000707e-01
4.456668675649994582e-01
1.138209991200000160e-01
3.990079723150002367e-01
6.645269579245715041e-01
2.458476843600001793e-01
3.130993302700005310e-01
4.563467679326669302e-01
2.064104243199998967e-01
3.636910907400000004e-01
5.655905750999999648e-02
2.633839330999999118e-01
5.837007295689993214e-01
1.375160822033331121e-01
3.087586767700000734e-01
3.958859595566667777e-01
4.102629674150001793e-01
3.405825392899999304e-01
2.283757574246668420e-01
2.654227289066667383e-01
6.762888182000000858e-01
2.871016839500000195e-01
6.681570207099999381e-01
4.020486372699999533e-01
4.254959336716664930e-01
1.835927856699999250e-01
4.003738343200000105e-01
2.227597427000000130e-01
5.507666942800003573e-01
2.495760749419997648e-01
4.472133993275007602e-01
3.385158196791666074e-01
5.797182322024998502e-01
5.025529851200000175e-01
5.080634304500001308e-01
3.691290212233335200e-01
6.412073274000000545e-02
2.662975091749999468e-01
2.882368308813333391e-01
3.500703669383333771e-01
3.090670435183333620e-01
2.882502338500001482e-01
3.042212316350000334e-01
2.710310402799997465e-01
4.818527943375000566e-01
7.968861278124994563e-01
3.116463742100000767e-01
1.513306402800000117e-01
3.672388903025000095e-01
5.946831497199996930e-01
3.482624451266669308e-01
4.219756619003335874e-01
2.275425510749999602e-01
4.971451474433332685e-01
5.368451676066672285e-01
4.435927986300003401e-01
4.468441968199998171e-01
6.085230090733335651e-01
3.091299737500000089e-01
3.267747244399998863e-01
2.789109033899999646e-01
2.646971028566666995e-01
7.429112279699999766e-01
3.311844948200002303e-01
4.570743701599999653e-02
3.024782091007620632e-01
5.617604273766668710e-01
7.883553014799996594e-01
3.116089907158332561e-01
5.236352766199999786e-01
4.076910106666665201e-01
2.067184537599998650e-01
4.037113352800001387e-01
6.114913830000000619e-03
3.041889066600003133e-01
6.007947270300002529e-01
3.072177863420001986e-01
1.851043225599999786e-01
5.150552748700002459e-01
7.081652095250002832e-01
3.575676453100002372e-01
7.296354770180003557e-01
2.378540448149999154e-01
5.797124459799998242e-01
1.292499001800000158e-01
3.854498565500000251e-01
2.418998853000000893e-01
5.794530156299999568e-01
2.540315597599999697e-01
2.904297973600000193e-01
3.587381922433333648e-01
5.957597739666665726e-01
3.067579865200000810e-01
4.924385824130000366e-01
4.149771776100000253e-01
7.750420717398331938e-01
2.896952258243810086e-01
3.979056565566665982e-01
4.924894176166667026e-01
5.953920412800001172e-01
4.860618888892856981e-01
3.673001636016666738e-01
2.511493175600002514e-01
5.987476064800003606e-01
5.305093819700004154e-01
4.434180714753335750e-01
3.724937875749999572e-01
5.220027819983336093e-01
4.666464509755952617e-01
2.334120502449998358e-01
1.882579170499999455e-01
4.093044207000000045e-01
3.583773399574998741e-01
5.907323125099998018e-01
5.698588817000001250e-02
9.395891222299996848e-01
2.524169882819047445e-02
4.686602961999995487e-01
2.532197760039999745e-01
3.303405456699998188e-01
9.392959915600000986e-01
3.956777622450002307e-01
4.914032362483327643e-01
8.976627004200001814e-01
2.769250630024761572e-01
1.943914195899999753e-01
7.493469943000000688e-01
4.497824306999999300e-02
3.789850952399999029e-01
3.489788313100000150e-01
4.915484870233337023e-01
4.947474904900001080e-01
4.460622423700000838e-01
3.427197739799999199e-01
1.780623881450000556e-01
1.041808227800000014e-01
2.304936167075001263e-01
3.813382601666664429e-01
3.678974763000000814e-01
1.758876379600000095e-01
1.310487023010000474e-01
2.458699337899998560e-01
3.291058314700001652e-01
1.786149483299999952e-01
7.186336446600006811e-01
4.109321793180002458e-01
8.693387012500002342e-01
4.295726816058332287e-01
4.022763389200005868e-01
4.619477900083333588e-01
1.919168883700001493e-01
1.497624961299999780e-01
8.850106892999999586e-02
6.175273393333334804e-01
5.958565839880002324e-01
2.290260989599999797e-01
6.948033839600006312e-01
3.101204230366664816e-01
6.911849892000008211e-01
5.967871591450001345e-01
3.979636605213334177e-01
3.271358228174998661e-01
2.766928920850000306e-01
6.157688031858811195e-01
2.724635520533332800e-01
3.579583492650001419e-01
1.141634856799999959e-01
3.797554548333332419e-02
3.599264769400001285e-01
3.378335286690000161e-01
2.554696565100001981e-01
1.848177795624999509e-01
2.781883064200000311e-01
3.692207054516669085e-01
1.594964758366666513e-01
7.570827659933333786e-02
2.121450398966667206e-01
6.609914406199999259e-01
2.347498394400000243e-01
2.619297061349998845e-01
8.179113494200003220e-01
3.593696883922222196e-01
2.807759820599998180e-01
1.863453057027878723e-01
3.693623175300001504e-01
3.746996343864521517e-01
3.314045223050000044e-01
2.422247864599998968e-01
5.859609278399996457e-01
2.709648682979998724e-01
3.182079606890476642e-01
1.595336824400000464e-01
1.480944487599999415e-01
3.153862175799995171e-01
4.938170937474999356e-01
6.046070080249997813e-01
3.021100030600002984e-01
1.023520469699999713e-01
1.456265896474999710e-01
3.703230155546666236e-01
2.485941820100000532e-01
5.213700932800000576e-01
2.462399324499999764e-01
4.951822387650001711e-01
1.423561449000000922e-01
1.447003942499999474e-01
2.457857189266668130e-01
7.978160933999990378e-01
1.633296976899999697e-01
6.768817362466665877e-01
3.971754116199999185e-01
7.081423703699998295e-01
1.102511470899999735e-01
3.662028824749999911e-01
3.333669696716667352e-01
5.078166322133332855e-01
3.914700227319998782e-01
4.133020015200001840e-01
6.405158222700005899e-01
7.316111191583328788e-01
2.599577061800003031e-01
4.925520714366665720e-01
5.919266332867065827e-01
5.051637668666667524e-01
4.675969837000000795e-01
2.865754668699999064e-01
6.343553833299995226e-01
1.557551490799999605e-01
1.471092176466666512e-01
3.651138621499999681e-01
4.595594643699999482e-01
3.304167461600001632e-01
2.319917166000000364e-02
1.257941568866666193e-01
7.464007674300006112e-01
2.325533229800000323e-01
6.594252695999996972e-01
8.552370371199995436e-01
5.229789866100005291e-01
4.638689972499999703e-01
2.958360773050000003e-01
3.433923519803333546e-01
1.887659455000000042e-02
2.801384583833335107e-01
1.595557812499999450e-01
2.268906666119999693e-01
4.317572042600001936e-01
3.450545299899999696e-01
3.652988837766668606e-01
2.784751788549998941e-01
2.330565341300000481e-01
3.805717657233334550e-01
6.672719019070000313e-01
2.091253879014285666e-01
4.968326148499999650e-01
5.151143392699999435e-01
4.226515712391667456e-01
4.455343495200000392e-01
6.978193132600003512e-01
4.810974138099999853e-01
2.614115184400000458e-01
6.047806691541667279e-01
2.746190136966666362e-01
7.152687059116668022e-01
2.245022395600000664e-01
3.329273227199999741e-01
5.380317007206668611e-01
2.652528196099999680e-01
4.588535032658332957e-01
2.972745875783334712e-01
4.188526105800000621e-01
3.709261804683333108e-01
1.716003323399999947e-01
3.333853527799998107e-01
7.776904517399993999e-01
6.346459580633334596e-01
2.776213464833333089e-01
4.702638131999999777e-02
2.163848008566667536e-01
3.206304559106666896e-01
4.412933208799998952e-01
2.902535229621668322e-01
1.286395160409999627e-01
3.720467989633335359e-01
1.721662197133332906e-01
6.037297514100002926e-01
3.821986930100000901e-01
4.508473046324999456e-01
3.409945874299999957e-01
6.594887053183330350e-01
2.914120065000000426e-01
4.219509591536664828e-01
1.739800165073333571e-01
3.537198587300002250e-01
2.101965316066666811e-01
5.875509688266670194e-01
4.626534930100000831e-01
1.932110834799996291e-01
7.302026083700000614e-01
5.005464134170002355e-01
5.926869338040000601e-01
3.016806393399997788e-01
2.108146595900000364e-01
3.752500098400000095e-01
3.515484629599997524e-01
8.458502198108337478e-01
6.618990288499999597e-01
3.583577319999996930e-02
2.374685831699999417e-01
4.508301251756665629e-01
3.412255733425000326e-01
2.683342088399997549e-01
1.552400576099999541e-01
2.757530351199999341e-01
6.912501845466664241e-01
5.511983986500000876e-01
2.566495228199999201e-01
1.448748293850000424e-01
5.401893510999999232e-02
3.626129705600000253e-01
4.357328844900001941e-01
4.544860869266665881e-01
8.252301859400000827e-01
4.275390772299999531e-01
3.540964456599999810e-01
3.873838438346666746e-01
3.041084767600000793e-01
3.545591307491667843e-01
5.063931368999999849e-01
9.292370962666662848e-02
6.380053119899999903e-01
2.495760749419997648e-01
3.802099748528333101e-01
1.762059139133333174e-01
3.759565069900003276e-01
3.370928499185833482e-01
3.472385942366668088e-01
1.975467780750000124e-01
1.162200206833333554e-01
7.427512646900003013e-01
4.020187414160000250e-01
4.038053891199999690e-01
3.560742972400000594e-01
4.688491465069047348e-01
2.967082350850001604e-01
4.249102646033335318e-01
3.406081805125001916e-01
6.617491844800004186e-01
8.043852051300000028e-01
3.761198196200000732e-01
3.593955057564288125e-01
1.811898908479999126e-01
8.886448777500001173e-01
5.558721191300002307e-01
3.954644860523331418e-01
8.678753256199998045e-01
1.588141746699999746e-01
6.603087472776664191e-01
4.146492140066668219e-01
5.388856894283328147e-01
5.495528105074999337e-01
5.158420379800003897e-01
3.956393062199998756e-01
3.204457294366667708e-01
4.047405917783332696e-01
9.434853632500000975e-01
5.689063158799999576e-01
2.271944251993332498e-01
3.244867783900001745e-01
5.233474374770001880e-01
2.915200198649999797e-01
4.047405917783332696e-01
4.372760197599995791e-01
7.925959316200003046e-01
5.096533067100004200e-01
6.462636785066667722e-01
5.865030769600008131e-01
4.221852733600002794e-01
1.093711404600000020e-01
5.391968628399999020e-01
7.061978161100006535e-01
6.191266540000001095e-02
3.578113933980002215e-01
3.678266001649999062e-01
7.038802870900005004e-01
4.329120145708334477e-01
4.208211725175000084e-01
6.412784530696664653e-01
3.802099748528333101e-01
3.850673043099999138e-01
1.738137846533333031e-01
2.641252477166667334e-01
1.959945558224999440e-01
3.008951050294998986e-01
4.855076749250003543e-01
3.973078524816666124e-01
6.845040582650000482e-01
4.623511557400001859e-01
3.682675202464998909e-01
4.155210610655000192e-01
4.351591511700002024e-01
4.074580451633334488e-01
3.565772112774999170e-01
1.257879116399999719e-01
2.907754354299998401e-01
5.615479959900001594e-01
4.183058978183330501e-01
3.905862101425000565e-01
6.240876975735000221e-01
4.567056423849998326e-01
6.865776944499997203e-01
1.247626877420000280e-01
6.129678130495007649e-01
4.128672998833339269e-01
1.127290517099999445e-01
2.374280851833333039e-01
6.362186816500001174e-02
5.956299483299998254e-01
2.877360465649047572e-01
3.550016070600001683e-01
3.165086737506666581e-01
2.948344188200001104e-01
3.232648395391667373e-01
2.772604556100001227e-01
5.639534120225004887e-01
5.944411542999999964e-02
3.899895343183337748e-01
7.845673620916666646e-01
2.177709605700000606e-01
2.289831120900002182e-01
1.700764295499999912e-01
5.953483814333329072e-01
7.699709897699996697e-01
3.559654395641668745e-01
4.101170393642857293e-01
2.169043037549998609e-01
5.119533749450000393e-01
5.393407876900000453e-01
2.635861548933333687e-01
2.509029529900000388e-01
4.414035168999998204e-02
3.205238066591666324e-01
4.540292727799998818e-01
3.899276436900000475e-01
3.367054874199997272e-01
9.154284259599998474e-01
3.246034523699998231e-01
1.279166245479999575e-01
6.279262382296668665e-01
1.133413330000000302e-01
3.346263370866668918e-01
3.380746455899998892e-01
5.369636774499998433e-01
3.121022202950000102e-01
2.353671922959999496e-01
5.779213071599995644e-01
3.078866325560000172e-01
2.426301861599997611e-01
2.611138947458333526e-01
1.250499532166666483e-01
4.554124782699999763e-01
3.021346532849999433e-01
4.953379313900002634e-01
1.349512641000000512e-01
4.758334998833333995e-01
3.002225704233332237e-01
3.161057099250000335e-01
9.046176537700003628e-01
2.551074417100000491e-01
2.911695162099999235e-01
5.147904551100002113e-01
5.237049603500001371e-01
5.031716970775002018e-01
4.219834269904998991e-01
2.795013851549998374e-01
2.562442870160002162e-01
3.571897506999999888e-02
4.192912005945239606e-01
1.272350701899999659e-01
6.642065894300003270e-01
4.137840624699997694e-01
3.679568991716665738e-01
2.279623532199999691e-01
1.178400799700000112e-01
3.021153069599998853e-01
6.964672417833338569e-01
4.344909585000000796e-02
5.009460730600000522e-01
4.279560572429998988e-01
4.156998895166668651e-01
4.226060143700000604e-01
3.655912703800001662e-01
3.134842799199999974e-01
2.582828817798336618e-01
1.062095720549999789e-01
4.484666177800001874e-01
8.510078957693333335e-01
7.894985569999997399e-02
5.162437923600007306e-01
6.164347048200002899e-01
2.824179547366665322e-01
6.581850195683338622e-01
4.127192299175002632e-01
4.669685865841668448e-01
4.818527943375000566e-01
5.476689845599996831e-01
4.567194524700003977e-01
3.532548494108332937e-01
6.007189138966669839e-01
4.624426864299763795e-01
6.900377329549999272e-01
1.769985811299999712e-01
6.688950759199996376e-01
7.728749369833332050e-02
1.224340350600000016e-01
4.018654144083336766e-01
4.175989166275000941e-01
3.173828197000000406e-02
3.389518697014999304e-01
3.509098115050000022e-01
1.803870332599999682e-01
6.677589116499994537e-01
3.623075004075000383e-01
3.015495333200001182e-01
8.264850317566667381e-02
3.025693508199999715e-01
7.508052387720002274e-01
2.091230332066666142e-01
4.888408915999998272e-01
7.061925264050005202e-01
4.000199894800000600e-01
4.575404928999999427e-02
1.221991417799999924e-01
4.154997204600004990e-01
1.272480522300000194e-01
5.010764660896662726e-01
4.463188256100002471e-01
4.765355175877779015e-01
2.383580518025000539e-01
4.414567451424998845e-01
3.971360546099998445e-01
1.113784975919999837e-01
2.749412626999999665e-01
3.657518630600002929e-01
2.918782709400000730e-01
6.127958335299998893e-01
7.270923609750000738e-01
5.514096760999999125e-01
4.335762330435714573e-01
4.551799825699995861e-01
5.234067055499997956e-01
9.990374017999999190e-02
4.167653231586666007e-01
5.822573630966669800e-01
